Writing ../outputData/ImagesDefs/Images/imagenDef_8.mha
Deformacion Aplicada = 
 Rotation Degrees = [ 5.67336, -7.90949, 5.15274 ]
Axis = [ 0.494362, 0.474117, -0.728574 ]
 Versor = [ 0.0481988, 0.046225, -0.0710337 ]
Angle = 0.195304
 Translation = [ 2.1372, -0.0312359, -4.98213 ]
 Scale  = 1.30756
