Writing ../outputData/ImagesDefs/Images/imagenDef_15.mha
Deformacion Aplicada = 
 Rotation Degrees = [ 6.58598, -9.44854, -1.55067 ]
Axis = [ -0.0868349, 0.580233, -0.809808 ]
 Versor = [ -0.00873299, 0.0583541, -0.0814425 ]
Angle = 0.201481
 Translation = [ -2.13607, -0.957887, 0.792551 ]
 Scale  = 1.20796
