Writing ../outputData/ImagesDefs/Images/imagenDef_17.mha
Deformacion Aplicada = 
 Rotation Degrees = [ -3.84317, 7.88124, -0.0591767 ]
Axis = [ 0.0234169, -0.438218, 0.898563 ]
 Versor = [ 0.00178948, -0.0334879, 0.0686666 ]
Angle = 0.152986
 Translation = [ 5.41693, 2.39884, -2.61803 ]
 Scale  = 1.17651
