Writing ../outputData/ImagesDefs/Images/imagenDef_2.mha
Deformacion Aplicada = 
 Rotation Degrees = [ 1.92117, 9.12166, 7.6996 ]
Axis = [ 0.628159, 0.210813, 0.748982 ]
 Versor = [ 0.0655891, 0.0220119, 0.0782048 ]
Angle = 0.209211
 Translation = [ 7.17565, 1.09788, -7.87243 ]
 Scale  = 1.36243
