Writing ../outputData/ImagesDefs/Images/imagenDef_5.mha
Deformacion Aplicada = 
 Rotation Degrees = [ -9.62146, -7.90905, -7.46762 ]
Axis = [ -0.545711, -0.611524, -0.572921 ]
 Versor = [ -0.0705086, -0.079012, -0.0740243 ]
Angle = 0.259135
 Translation = [ -8.2516, -4.66083, 5.40027 ]
 Scale  = 1.24523
