Writing ../outputData/ImagesDefs/Images/imagenDef_12.mha
Deformacion Aplicada = 
 Rotation Degrees = [ -5.36834, -5.76667, -0.508055 ]
Axis = [ -0.0982714, -0.6748, -0.731428 ]
 Versor = [ -0.0067788, -0.046548, -0.0504542 ]
Angle = 0.13807
 Translation = [ 1.11988, 1.87797, 3.06156 ]
 Scale  = 1.11112
