Writing ../outputData/ImagesDefs/Images/imagenDef_19.mha
Deformacion Aplicada = 
 Rotation Degrees = [ -7.56126, -2.07827, -9.4151 ]
Axis = [ -0.77214, -0.596915, -0.217927 ]
 Versor = [ -0.0830695, -0.0642182, -0.0234453 ]
Angle = 0.215584
 Translation = [ 0.353058, -6.16023, 4.9876 ]
 Scale  = 1.33134
