Writing ../outputData/ImagesDefs/Images/imagenDef_0.mha
Deformacion Aplicada = 
 Rotation Degrees = [ 2.95317, -6.09726, 3.3533 ]
Axis = [ 0.459738, 0.363328, -0.81033 ]
 Versor = [ 0.0305777, 0.0241653, -0.053896 ]
Angle = 0.133121
 Translation = [ -1.00428, 1.05232, 6.34974 ]
 Scale  = 1.20237
