Writing ../outputData/ImagesDefs/Images/imagenDef_11.mha
Deformacion Aplicada = 
 Rotation Degrees = [ -1.20925, -3.78453, -6.5732 ]
Axis = [ -0.856997, -0.128398, -0.499069 ]
 Versor = [ -0.0576439, -0.0086364, -0.0335687 ]
Angle = 0.134627
 Translation = [ 4.28112, -7.21084, 7.33347 ]
 Scale  = 1.0739
