Writing ../outputData/ImagesDefs/Images/imagenDef_4.mha
Deformacion Aplicada = 
 Rotation Degrees = [ -7.83961, -0.29456, 9.32267 ]
Axis = [ 0.763601, -0.645067, 0.0283098 ]
 Versor = [ 0.0809004, -0.0683422, 0.0029993 ]
Angle = 0.21229
 Translation = [ 6.09621, -1.01554, -8.21449 ]
 Scale  = 1.18162
